значения 1
eps  f  n
0,1  1,39  3
0,01  1,4251  5
0,001  1,428259  7
0,0001  1,4284777  8
0,00001  1,428562993  10
1E-6  1,42857066937  12
значения 2
eps  f  n
0,1  1,22  2
0,01  1,279048  4
0,001  1,28139056  5
0,0001  1,282019303104  7
0,00001  1,28204424668288  8
1E-6  1,28205094153945  10
значения 3
eps  f  n
0,1  1,14  2
0,01  1,1596  3
0,001  1,162344  4
0,0001  1,16272816  5
0,00001  1,1627819424  6
1E-6  1,16279052607104  8
значения 4
eps  f  n
0,1  1  1
0,01  1,06  2
0,001  1,0636  3
0,0001  1,063816  4
0,00001  1,06382896  5
1E-6  1,06382896  5
значения 5
eps  f  n
0,1  1  1
0,01  0,98  2
0,001  0,98  2
0,0001  0,9804  3
0,00001  0,9804  3
1E-6  0,980392  4
значения 6
eps  f  n
0,1  1  1
0,01  0,9  2
0,001  0,91  3
0,0001  0,909  4
0,00001  0,9091  5
1E-6  0,90909  6
значения 7
eps  f  n
0,1  0,82  2
0,01  0,8524  3
0,001  0,846568  4
0,0001  0,8474288032  6
0,00001  0,847462815424  7
1E-6  0,84745669322368  8
значения 8
eps  f  n
0,1  0,74  2
0,01  0,790024  4
0,001  0,79459376  5
0,0001  0,793714538176  7
0,00001  0,793655102780698  9
1E-6  0,793651084947975  11
значения 9
eps  f  n
0,1  0,66  2
0,01  0,736296  4
0,001  0,746660622016  7
0,0001  0,74631396790505  9
0,00001  0,746273894689824  11
1E-6  0,746269262226144  13
значения 10
eps  f  n
0,1  0,7564  3
0,01  0,71342896  5
0,001  0,70354347521152  8
0,0001  0,704275871008529  11
0,00001  0,704234263645905  13
1E-6  0,704224691875002  16
